Grafo Direcionado
100
1
2
3
4
5
6
7
8
9
10
11
12
13
14
15
16
17
18
19
20
21
22
23
24
25
26
27
28
29
30
31
32
33
34
35
36
37
38
39
40
41
42
43
44
45
46
47
48
49
50
51
52
53
54
55
56
57
58
59
60
61
62
63
64
65
66
67
68
69
70
71
72
73
74
75
76
77
78
79
80
81
82
83
84
85
86
87
88
89
90
91
92
93
94
95
96
97
98
99
100
146
1 2 676.0
1 3 1100.0
1 4 742.0
1 5 1205.0
1 6 851.0
1 7 834.0
1 8 880.0
1 9 758.0
1 11 1200.0
1 12 893.0
1 15 846.0
1 18 880.0
1 20 690.0
1 24 672.0
1 25 880.0
1 26 618.0
1 28 940.0
1 36 800.0
1 37 893.0
1 43 832.0
1 49 228.0
1 54 700.0
1 59 134.0
1 64 211.0
1 71 785.0
1 72 118.0
1 73 28.0
1 74 333.0
2 9 107.0
2 12 311.0
2 48 334.0
2 60 306.0
3 5 714.0
3 10 196.0
3 11 580.0
3 13 524.0
3 14 606.0
3 16 526.0
3 17 526.0
3 21 531.0
3 22 441.0
3 27 622.0
3 30 612.0
3 31 622.0
3 32 471.0
3 33 567.0
3 34 461.0
3 38 622.0
3 39 525.0
3 41 153.0
3 42 411.0
3 44 546.0
3 46 513.0
3 47 498.0
3 53 558.0
3 55 510.0
3 62 494.0
3 63 422.0
3 67 188.0
3 68 298.0
3 82 424.0
3 84 489.0
3 85 227.0
3 88 354.0
3 95 352.0
3 97 298.0
3 98 472.0
5 15 187.0
5 56 98.0
6 18 72.0
8 70 291.0
8 76 745.0
8 78 704.0
9 2 107.0
9 23 72.0
10 32 72.0
11 21 72.0
11 45 58.0
12 2 311.0
12 35 139.0
12 37 49.0
12 58 342.0
12 61 1320.0
12 75 2535.0
13 21 61.0
14 33 61.0
15 5 187.0
15 6 31.0
15 23 72.0
16 27 66.0
17 39 61.0
18 6 72.0
18 8 196.0
18 19 72.0
18 23 33.0
18 29 187.0
18 40 117.0
18 51 184.0
18 57 255.0
18 64 211.0
18 65 196.0
18 66 203.0
18 69 265.0
18 79 177.0
18 80 240.0
18 83 152.0
18 86 204.0
18 89 209.0
18 90 247.0
18 96 343.0
18 99 159.0
18 100 170.0
19 18 72.0
19 29 72.0
20 12 374.0
20 28 72.0
20 37 374.0
20 52 290.0
20 87 326.0
21 11 72.0
21 13 61.0
23 9 72.0
23 15 72.0
24 25 72.0
25 24 72.0
25 36 72.0
26 28 72.0
27 16 66.0
28 12 338.0
28 20 72.0
28 26 72.0
28 50 565.0
29 19 72.0
32 10 72.0
33 14 61.0
34 3 461.0
35 37 72.0
36 25 72.0
37 35 72.0
39 17 61.0
40 41 83.0
41 40 83.0
63 3 422.0
64 81 156.0
71 77 232.0
72 94 180.0
